-1.65181
-0.395013
3.4882e-25
0.366302
2.1
-1.63632
0.800111
3.47766e-25
0.226741
2.11837
-1.62903
-0.0396904
3.52268e-25
0.400716
2.12449
-1.64131
-0.127534
3.4852e-25
0.402072
2.11224
-1.64861
-0.426948
3.42854e-25
0.356279
2.10612
-1.59374
0.497036
3.64168e-25
0.32776
2.1551
-1.60745
-0.296253
3.61082e-25
0.366199
2.14286
-1.62265
-0.287899
3.53397e-25
0.372884
2.13061
-1.6005
-0.0743591
3.65816e-25
0.38341
2.14898
-1.61632
0.11424
3.56064e-25
0.39308
2.13673
-1.58061
0.0346415
3.80349e-25
0.379159
2.16122
-1.56718
-0.120075
3.80186e-25
0.369487
2.17347
-1.55538
0.481821
3.79327e-25
0.35221
2.18571
-1.58052
0.0769675
3.68482e-25
0.378526
2.16735
-1.56594
-0.0370362
3.71797e-25
0.372155
2.17959
-1.53419
0.0807483
3.90415e-25
0.356265
2.19796
-1.52728
-0.0531956
3.89183e-25
0.34806
2.20408
-1.51229
0.178751
3.91177e-25
0.340986
2.21633
-1.54423
0.296272
3.83827e-25
0.355561
2.19184
-1.5225
-0.0792719
3.85356e-25
0.351268
2.2102
-1.46354
0.162972
4.01311e-25
0.325394
2.24694
-1.49348
0.210044
3.95494e-25
0.336532
2.22857
-1.47415
-0.107373
3.98247e-25
0.327073
2.24082
-1.48265
0.257756
3.99088e-25
0.323672
2.23469
-1.506
0.0871537
3.88721e-25
0.345483
2.22245
-1.43536
-0.00580264
4.04004e-25
0.31189
2.26531
-1.44763
0.0628874
4.01364e-25
0.317985
2.25918
-1.45828
0.00393866
3.98556e-25
0.323203
2.25306
-1.42797
0.00203381
4.02014e-25
0.308337
2.27143
-1.42177
0.0528425
4.00437e-25
0.304819
2.27755
-1.39197
0.0356549
4.04156e-25
0.290876
2.2898
-1.38659
0.00449375
4.02127e-25
0.288952
2.29592
-1.40748
0.125084
4.00851e-25
0.299122
2.28367
-1.37679
0.094642
3.97471e-25
0.283682
2.30204
-1.36753
0.0350707
3.96046e-25
0.2787
2.30816
-1.33418
0.121596
3.91078e-25
0.262529
2.32653
-1.34536
0.0455306
3.92347e-25
0.268069
2.32041
-1.32414
0.0481015
3.88252e-25
0.256716
2.33265
-1.31534
-0.0101873
3.86075e-25
0.252573
2.33878
-1.35601
-0.0334938
3.94605e-25
0.272872
2.31429
-1.30658
0.0492328
3.83495e-25
0.248337
2.3449
-1.26627
0.00824618
3.6757e-25
0.226674
2.36939
-1.29426
0.0630103
3.7899e-25
0.240512
2.35102
-1.27495
0.0305757
3.70091e-25
0.230767
2.36327
-1.29019
0.0186873
3.75327e-25
0.238673
2.35714
-1.23357
-0.0138905
3.51383e-25
0.209993
2.39388
-1.22661
0.0554875
3.48823e-25
0.207204
2.4
-1.25897
0.023612
3.6253e-25
0.222885
2.37551
-1.24178
-0.000668295
3.53198e-25
0.213926
2.38776
-1.25406
0.000343385
3.58917e-25
0.221564
2.38163
