-1.68415
0.880742
1.59911e-25
0.016854
2.1
-1.67398
0.918226
1.61373e-25
0.0183347
2.11224
-1.6686
-0.800134
1.62142e-25
0.0172034
2.11837
-1.67768
0.93974
1.62038e-25
0.0186626
2.10612
-1.6611
0.86784
1.64665e-25
0.019829
2.12449
-1.63236
0.849785
1.71812e-25
0.0231212
2.1551
-1.65075
0.894396
1.66805e-25
0.019457
2.13673
-1.63909
-0.855982
1.67259e-25
0.0191208
2.14898
-1.65574
-0.849822
1.66084e-25
0.0204371
2.13061
-1.64161
-0.831498
1.68532e-25
0.0206707
2.14286
-1.61326
0.837801
1.74359e-25
0.0265246
2.17347
-1.62523
0.851037
1.71155e-25
0.021807
2.16122
-1.6195
0.860084
1.7301e-25
0.023043
2.16735
-1.60329
-0.815492
1.7619e-25
0.026476
2.17959
-1.5932
-0.709422
1.78754e-25
0.0299136
2.18571
-1.58399
0.840259
1.7736e-25
0.0266825
2.19796
-1.55761
0.805622
1.8768e-25
0.0370018
2.21633
-1.56561
0.798752
1.85743e-25
0.0391102
2.2102
-1.5732
0.805735
1.8418e-25
0.0375092
2.20408
-1.58793
-0.821414
1.76081e-25
0.0265961
2.19184
-1.54388
-0.766931
1.88724e-25
0.0375958
2.22857
-1.55123
0.791724
1.89632e-25
0.0400199
2.22245
-1.53306
-0.0748026
1.93748e-25
0.34533
2.23469
-1.52531
0.164376
1.98355e-25
0.341219
2.24082
-1.51445
0.00319672
2.00801e-25
0.330545
2.24694
-1.48288
-0.0198726
2.04787e-25
0.31977
2.26531
-1.46374
-0.231374
2.09367e-25
0.291383
2.27755
-1.49237
0.373387
2.04494e-25
0.279752
2.25918
-1.47349
0.164317
2.03693e-25
0.307946
2.27143
-1.49966
0.284117
2.03857e-25
0.303963
2.25306
-1.43531
0.230218
2.18366e-25
0.270336
2.29592
-1.41569
0.12433
2.19012e-25
0.272365
2.30816
-1.42265
0.192165
2.25737e-25
0.269628
2.30204
-1.45896
-0.343537
2.12716e-25
0.255036
2.28367
-1.44637
-0.279605
2.15356e-25
0.271485
2.2898
-1.38295
0.104645
2.20988e-25
0.251284
2.32041
-1.3983
0.193436
2.17491e-25
0.253628
2.31429
-1.37453
-0.102309
2.12865e-25
0.246268
2.32653
-1.35129
0.0630034
2.1387e-25
0.232503
2.33878
-1.36369
-0.20042
2.13487e-25
0.228522
2.33265
-1.32306
-0.0184633
2.07565e-25
0.207646
2.35102
-1.31707
0.0179743
2.03923e-25
0.205463
2.35714
-1.29595
0.037275
1.96328e-25
0.190588
2.36939
-1.33735
-0.0251159
2.08593e-25
0.218083
2.3449
-1.30077
0.030014
1.96614e-25
0.194225
2.36327
-1.26707
0.0077877
1.84337e-25
0.166868
2.38776
-1.28445
0.0353305
1.90719e-25
0.180927
2.37551
-1.27694
0.0164417
1.89538e-25
0.17764
2.38163
-1.24555
0.098524
1.72942e-25
0.149956
2.4
-1.25467
0.00155442
1.77091e-25
0.158242
2.39388
